# Created by Octave 3.4.3, Mon Nov 05 04:32:53 2012 MST <ahelwer@ax23>
# name: weights
# type: matrix
# ndims: 3
 10 3 2
 27808.6909992785
 23896.67613636363
 25946.43019480519
 28508.85703463203
 26336.26252705628
 26094.18750000001
 23179.87527056277
 31643.30903679653
 21878.52783189034
 24923.35037878789
 40609.38257575759
 36630.35876623376
 38407.25974025977
 43372.19480519481
 39525.51866883116
 42353.54419191917
 35172.90746753247
 46225.02326839826
 31314.55681818181
 38311.16720779224
 43864.47294372295
 36927.73593073593
 39119.12121212122
 42535.4751082251
 41757.66206709958
 44184.68668831167
 36269.55573593073
 49816.40674603174
 33036.3814935065
 39390.07413419913
 160
 137
 149
 165
 153
 151
 134
 182
 126
 143
 160
 137
 149
 165
 153
 151
 134
 182
 126
 143
 160
 137
 149
 165
 153
 151
 134
 182
 126
 143


